177.81	0.00
178.19	162.00
178.57	163.00
178.95	164.00
179.34	164.00
179.72	170.00
180.10	166.00
180.48	168.00
180.87	168.00
181.25	173.00
181.63	170.00
182.01	171.00
182.40	173.00
182.78	168.00
183.16	170.00
183.54	168.00
183.92	173.00
184.31	173.00
184.69	172.00
185.07	170.00
185.45	175.00
185.84	171.00
186.22	171.00
186.60	169.00
186.98	178.00
187.36	170.00
187.75	171.00
188.13	175.00
188.51	172.00
188.89	173.00
189.27	170.00
189.65	171.00
190.04	171.00
190.42	170.00
190.80	170.00
191.18	168.00
191.56	173.00
191.94	170.00
192.32	173.00
192.71	171.00
193.09	174.00
193.47	173.00
193.85	169.00
194.23	172.00
194.61	173.00
194.99	170.00
195.38	168.00
195.76	173.00
196.14	174.00
196.52	169.00
196.90	171.00
197.28	174.00
197.66	178.00
198.04	169.00
198.42	176.00
198.80	171.00
199.19	172.00
199.57	172.00
199.95	176.00
200.33	173.00
200.71	168.00
201.09	173.00
201.47	172.00
201.85	172.00
202.23	172.00
202.61	173.00
202.99	170.00
203.37	177.00
203.75	174.00
204.13	178.00
204.51	171.00
204.90	171.00
205.28	174.00
205.66	178.00
206.04	172.00
206.42	171.00
206.80	172.00
207.18	169.00
207.56	172.00
207.94	171.00
208.32	174.00
208.70	173.00
209.08	175.00
209.46	177.00
209.84	173.00
210.22	170.00
210.60	173.00
210.98	175.00
211.36	176.00
211.74	176.00
212.12	170.00
212.50	170.00
212.88	172.00
213.26	170.00
213.64	169.00
214.01	176.00
214.39	171.00
214.77	177.00
215.15	166.00
215.53	171.00
215.91	175.00
216.29	176.00
216.67	178.00
217.05	174.00
217.43	175.00
217.81	172.00
218.19	177.00
218.57	175.00
218.95	176.00
219.33	174.00
219.70	168.00
220.08	172.00
220.46	172.00
220.84	176.00
221.22	175.00
221.60	172.00
221.98	173.00
222.36	172.00
222.74	170.00
223.11	172.00
223.49	180.00
223.87	180.00
224.25	178.00
224.63	175.00
225.01	173.00
225.39	175.00
225.77	178.00
226.14	176.00
226.52	173.00
226.90	171.00
227.28	168.00
227.66	176.00
228.04	173.00
228.41	174.00
228.79	179.00
229.17	172.00
229.55	175.00
229.93	173.00
230.31	174.00
230.68	174.00
231.06	172.00
231.44	172.00
231.82	176.00
232.20	178.00
232.57	169.00
232.95	173.00
233.33	175.00
233.71	176.00
234.09	177.00
234.46	177.00
234.84	178.00
235.22	178.00
235.60	180.00
235.97	173.00
236.35	180.00
236.73	172.00
237.11	177.00
237.48	178.00
237.86	173.00
238.24	177.00
238.62	176.00
238.99	173.00
239.37	173.00
239.75	176.00
240.13	175.00
240.50	174.00
240.88	180.00
241.26	177.00
241.63	171.00
242.01	178.00
242.39	176.00
242.77	175.00
243.14	181.00
243.52	178.00
243.90	179.00
244.27	174.00
244.65	173.00
245.03	173.00
245.40	173.00
245.78	172.00
246.16	174.00
246.53	173.00
246.91	179.00
247.29	182.00
247.66	174.00
248.04	176.00
248.42	174.00
248.79	177.00
249.17	175.00
249.55	176.00
249.92	182.00
250.30	174.00
250.68	174.00
251.05	176.00
251.43	179.00
251.80	172.00
252.18	176.00
252.56	175.00
252.93	178.00
253.31	174.00
253.68	180.00
254.06	172.00
254.44	177.00
254.81	174.00
255.19	180.00
255.56	164.00
255.94	179.00
256.32	177.00
256.69	173.00
257.07	175.00
257.44	170.00
257.82	170.00
258.19	179.00
258.57	175.00
258.94	177.00
259.32	175.00
259.70	177.00
260.07	176.00
260.45	174.00
260.82	181.00
261.20	170.00
261.57	176.00
261.95	179.00
262.32	172.00
262.70	178.00
263.07	175.00
263.45	170.00
263.82	176.00
264.20	173.00
264.57	177.00
264.95	175.00
265.32	173.00
265.70	176.00
266.07	173.00
266.45	177.00
266.82	175.00
267.20	172.00
267.57	177.00
267.95	179.00
268.32	177.00
268.70	174.00
269.07	175.00
269.45	175.00
269.82	179.00
270.19	174.00
270.57	169.00
270.94	174.00
271.32	173.00
271.69	171.00
272.07	176.00
272.44	183.00
272.81	174.00
273.19	173.00
273.56	176.00
273.94	172.00
274.31	173.00
274.69	174.00
275.06	179.00
275.43	175.00
275.81	169.00
276.18	179.00
276.56	175.00
276.93	172.00
277.30	172.00
277.68	173.00
278.05	175.00
278.42	173.00
278.80	170.00
279.17	175.00
279.55	172.00
279.92	181.00
280.29	176.00
280.67	178.00
281.04	176.00
281.41	173.00
281.79	177.00
282.16	177.00
282.53	173.00
282.91	175.00
283.28	173.00
283.65	176.00
284.03	171.00
284.40	174.00
284.77	174.00
285.14	175.00
285.52	176.00
285.89	172.00
286.26	178.00
286.64	178.00
287.01	178.00
287.38	174.00
287.76	179.00
288.13	183.00
288.50	174.00
288.87	174.00
289.25	179.00
289.62	181.00
289.99	173.00
290.36	175.00
290.74	173.00
291.11	176.00
291.48	174.00
291.85	171.00
292.23	177.00
292.60	174.00
292.97	175.00
293.34	182.00
293.72	170.00
294.09	190.00
294.46	171.00
294.83	176.00
295.20	173.00
295.58	177.00
295.95	175.00
296.32	174.00
296.69	172.00
297.06	167.00
297.44	174.00
297.81	174.00
298.18	180.00
298.55	175.00
298.92	174.00
299.29	173.00
299.67	178.00
300.04	171.00
300.41	170.00
300.78	183.00
301.15	175.00
301.52	177.00
301.89	175.00
302.27	172.00
302.64	172.00
303.01	175.00
303.38	176.00
303.75	175.00
304.12	174.00
304.49	176.00
304.87	174.00
305.24	176.00
305.61	175.00
305.98	173.00
306.35	180.00
306.72	178.00
307.09	172.00
307.46	174.00
307.83	175.00
308.20	174.00
308.57	172.00
308.95	170.00
309.32	174.00
309.69	178.00
310.06	168.00
310.43	175.00
310.80	173.00
311.17	182.00
311.54	173.00
311.91	172.00
312.28	176.00
312.65	170.00
313.02	172.00
313.39	174.00
313.76	172.00
314.13	172.00
314.50	180.00
314.87	172.00
315.24	170.00
315.61	175.00
315.98	172.00
316.35	177.00
316.72	173.00
317.09	176.00
317.46	175.00
317.83	174.00
318.20	180.00
318.57	173.00
318.94	168.00
319.31	176.00
319.68	176.00
320.05	175.00
320.42	173.00
320.79	173.00
321.16	174.00
321.53	176.00
321.90	170.00
322.27	175.00
322.64	171.00
323.01	167.00
323.38	172.00
323.74	168.00
324.11	175.00
324.48	173.00
324.85	182.00
325.22	180.00
325.59	170.00
325.96	176.00
326.33	170.00
326.70	178.00
327.07	176.00
327.43	172.00
327.80	169.00
328.17	176.00
328.54	173.00
328.91	168.00
329.28	170.00
329.65	174.00
330.02	174.00
330.38	173.00
330.75	174.00
331.12	172.00
331.49	170.00
331.86	173.00
332.23	174.00
332.60	172.00
332.96	174.00
333.33	171.00
333.70	173.00
334.07	169.00
334.44	176.00
334.80	170.00
335.17	172.00
335.54	175.00
335.91	175.00
336.28	170.00
336.64	172.00
337.01	177.00
337.38	170.00
337.75	169.00
338.12	174.00
338.48	176.00
338.85	170.00
339.22	174.00
339.59	174.00
339.95	173.00
340.32	169.00
340.69	172.00
341.06	170.00
341.42	176.00
341.79	176.00
342.16	174.00
342.53	175.00
342.89	178.00
343.26	175.00
343.63	174.00
344.00	174.00
344.36	171.00
344.73	176.00
345.10	174.00
345.46	177.00
345.83	174.00
346.20	170.00
346.57	176.00
346.93	176.00
347.30	173.00
347.67	175.00
348.03	173.00
348.40	172.00
348.77	169.00
349.13	177.00
349.50	178.00
349.87	177.00
350.23	176.00
350.60	173.00
350.97	173.00
351.33	175.00
351.70	174.00
352.06	176.00
352.43	170.00
352.80	173.00
353.16	171.00
353.53	173.00
353.90	171.00
354.26	176.00
354.63	170.00
354.99	183.00
355.36	176.00
355.73	170.00
356.09	173.00
356.46	180.00
356.82	172.00
357.19	175.00
357.56	170.00
357.92	177.00
358.29	171.00
358.65	179.00
359.02	174.00
359.38	174.00
359.75	172.00
360.11	177.00
360.48	172.00
360.85	174.00
361.21	172.00
361.58	172.00
361.94	173.00
362.31	177.00
362.67	170.00
363.04	173.00
363.40	173.00
363.77	177.00
364.13	174.00
364.50	174.00
364.86	170.00
365.23	171.00
365.59	176.00
365.96	175.00
366.32	168.00
366.69	171.00
367.05	175.00
367.42	168.00
367.78	180.00
368.15	168.00
368.51	178.00
368.87	173.00
369.24	177.00
369.60	176.00
369.97	174.00
370.33	172.00
370.70	180.00
371.06	174.00
371.43	172.00
371.79	172.00
372.15	178.00
372.52	171.00
372.88	176.00
373.25	174.00
373.61	168.00
373.98	172.00
374.34	175.00
374.70	176.00
375.07	172.00
375.43	173.00
375.79	173.00
376.16	177.00
376.52	174.00
376.89	176.00
377.25	171.00
377.61	171.00
377.98	175.00
378.34	173.00
378.70	178.00
379.07	173.00
379.43	173.00
379.79	170.00
380.16	172.00
380.52	174.00
380.88	171.00
381.25	172.00
381.61	176.00
381.97	173.00
382.34	176.00
382.70	176.00
383.06	175.00
383.43	173.00
383.79	171.00
384.15	175.00
384.51	174.00
384.88	176.00
385.24	174.00
385.60	174.00
385.97	173.00
386.33	176.00
386.69	174.00
387.05	170.00
387.42	170.00
387.78	177.00
388.14	172.00
388.50	171.00
388.87	170.00
389.23	172.00
389.59	177.00
389.95	173.00
390.32	179.00
390.68	169.00
391.04	171.00
391.40	178.00
391.76	170.00
392.13	171.00
392.49	176.00
392.85	176.00
393.21	169.00
393.57	181.00
393.94	173.00
394.30	175.00
394.66	174.00
395.02	177.00
395.38	173.00
395.75	171.00
396.11	173.00
396.47	171.00
396.83	172.00
397.19	170.00
397.55	173.00
397.91	173.00
398.28	170.00
398.64	175.00
399.00	171.00
399.36	171.00
399.72	173.00
400.08	175.00
400.44	172.00
400.80	172.00
401.17	173.00
401.53	173.00
401.89	176.00
402.25	172.00
402.61	172.00
402.97	175.00
403.33	172.00
403.69	174.00
404.05	172.00
404.41	177.00
404.77	172.00
405.13	168.00
405.50	173.00
405.86	167.00
406.22	173.00
406.58	178.00
406.94	173.00
407.30	172.00
407.66	174.00
408.02	168.00
408.38	180.00
408.74	171.00
409.10	170.00
409.46	178.00
409.82	170.00
410.18	170.00
410.54	175.00
410.90	174.00
411.26	175.00
411.62	175.00
411.98	170.00
412.34	179.00
412.70	174.00
413.06	169.00
413.42	173.00
413.78	169.00
414.14	176.00
414.50	175.00
414.86	174.00
415.22	176.00
415.58	178.00
415.93	174.00
416.29	172.00
416.65	170.00
417.01	178.00
417.37	173.00
417.73	174.00
418.09	173.00
418.45	176.00
418.81	168.00
419.17	174.00
419.53	173.00
419.89	176.00
420.24	180.00
420.60	175.00
420.96	174.00
421.32	177.00
421.68	175.00
422.04	174.00
422.40	173.00
422.76	172.00
423.11	175.00
423.47	178.00
423.83	172.00
424.19	178.00
424.55	168.00
424.91	175.00
425.27	178.00
425.62	173.00
425.98	181.00
426.34	175.00
426.70	173.00
427.06	175.00
427.41	181.00
427.77	181.00
428.13	177.00
428.49	176.00
428.85	179.00
429.20	169.00
429.56	182.00
429.92	182.00
430.28	179.00
430.64	182.00
430.99	181.00
431.35	180.00
431.71	181.00
432.07	180.00
432.42	182.00
432.78	180.00
433.14	188.00
433.50	181.00
433.85	184.00
434.21	186.00
434.57	179.00
434.93	183.00
435.28	182.00
435.64	182.00
436.00	182.00
436.35	187.00
436.71	189.00
437.07	182.00
437.42	187.00
437.78	191.00
438.14	179.00
438.50	178.00
438.85	184.00
439.21	186.00
439.57	188.00
439.92	189.00
440.28	185.00
440.64	191.00
440.99	188.00
441.35	191.00
441.71	193.00
442.06	197.00
442.42	198.00
442.77	192.00
443.13	195.00
443.49	194.00
443.84	195.00
444.20	191.00
444.56	195.00
444.91	204.00
445.27	197.00
445.62	198.00
445.98	198.00
446.34	201.00
446.69	202.00
447.05	205.00
447.40	200.00
447.76	210.00
448.11	206.00
448.47	207.00
448.83	214.00
449.18	199.00
449.54	212.00
449.89	206.00
450.25	219.00
450.60	208.00
450.96	214.00
451.31	211.00
451.67	206.00
452.02	212.00
452.38	209.00
452.73	213.00
453.09	208.00
453.44	210.00
453.80	201.00
454.15	208.00
454.51	209.00
454.86	206.00
455.22	210.00
455.57	208.00
455.93	208.00
456.28	208.00
456.64	209.00
456.99	207.00
457.35	203.00
457.70	207.00
458.06	198.00
458.41	205.00
458.77	202.00
459.12	200.00
459.47	199.00
459.83	197.00
460.18	202.00
460.54	199.00
460.89	200.00
461.25	195.00
461.60	203.00
461.95	196.00
462.31	203.00
462.66	194.00
463.02	198.00
463.37	194.00
463.72	193.00
464.08	197.00
464.43	192.00
464.79	192.00
465.14	194.00
465.49	197.00
465.85	191.00
466.20	196.00
466.55	192.00
466.91	194.00
467.26	195.00
467.61	194.00
467.97	188.00
468.32	192.00
468.67	186.00
469.03	190.00
469.38	191.00
469.73	189.00
470.09	183.00
470.44	191.00
470.79	185.00
471.15	190.00
471.50	185.00
471.85	190.00
472.20	191.00
472.56	193.00
472.91	189.00
473.26	188.00
473.61	187.00
473.97	189.00
474.32	190.00
474.67	189.00
475.03	191.00
475.38	193.00
475.73	186.00
476.08	186.00
476.43	187.00
476.79	187.00
477.14	185.00
477.49	184.00
477.84	188.00
478.20	184.00
478.55	181.00
478.90	184.00
479.25	186.00
479.60	189.00
479.96	191.00
480.31	186.00
480.66	185.00
481.01	190.00
481.36	185.00
481.71	190.00
482.07	193.00
482.42	185.00
482.77	186.00
483.12	197.00
483.47	191.00
483.82	183.00
484.18	190.00
484.53	190.00
484.88	193.00
485.23	190.00
485.58	188.00
485.93	190.00
486.28	190.00
486.63	187.00
486.98	189.00
487.34	194.00
487.69	190.00
488.04	192.00
488.39	187.00
488.74	191.00
489.09	192.00
489.44	188.00
489.79	194.00
490.14	191.00
490.49	192.00
490.84	190.00
491.19	193.00
491.54	191.00
491.89	188.00
492.24	187.00
492.60	197.00
492.95	193.00
493.30	191.00
493.65	188.00
494.00	192.00
494.35	187.00
494.70	184.00
495.05	190.00
495.40	192.00
495.75	190.00
496.10	190.00
496.45	190.00
496.80	194.00
497.15	193.00
497.50	191.00
497.85	194.00
498.19	195.00
498.54	192.00
498.89	190.00
499.24	200.00
499.59	187.00
499.94	197.00
500.29	193.00
500.64	192.00
500.99	190.00
501.34	182.00
501.69	183.00
502.04	191.00
502.39	191.00
502.74	191.00
503.09	193.00
503.43	189.00
503.78	190.00
504.13	194.00
504.48	193.00
504.83	192.00
505.18	190.00
505.53	197.00
505.88	197.00
506.22	191.00
506.57	200.00
506.92	189.00
507.27	202.00
507.62	193.00
507.97	194.00
508.32	193.00
508.66	193.00
509.01	198.00
509.36	193.00
509.71	195.00
510.06	196.00
510.40	195.00
510.75	192.00
511.10	191.00
511.45	199.00
511.80	194.00
512.14	196.00
512.49	197.00
512.84	194.00
513.19	191.00
513.54	194.00
513.88	196.00
514.23	200.00
514.58	191.00
514.93	197.00
515.27	199.00
515.62	196.00
515.97	194.00
516.32	201.00
516.66	199.00
517.01	195.00
517.36	193.00
517.71	200.00
518.05	202.00
518.40	198.00
518.75	197.00
519.09	196.00
519.44	199.00
519.79	197.00
520.13	195.00
520.48	202.00
520.83	202.00
521.17	199.00
521.52	200.00
521.87	197.00
522.21	198.00
522.56	196.00
522.91	203.00
523.25	201.00
523.60	197.00
523.95	194.00
524.29	201.00
524.64	202.00
524.99	197.00
525.33	201.00
525.68	201.00
526.02	199.00
526.37	203.00
526.72	196.00
527.06	198.00
527.41	195.00
527.75	206.00
528.10	201.00
528.45	194.00
528.79	193.00
529.14	198.00
529.48	196.00
529.83	197.00
530.17	195.00
530.52	205.00
530.87	195.00
531.21	195.00
531.56	200.00
531.90	200.00
532.25	199.00
532.59	194.00
532.94	206.00
533.28	197.00
533.63	200.00
533.97	198.00
534.32	198.00
534.66	199.00
535.01	195.00
535.35	196.00
535.70	196.00
536.04	202.00
536.39	202.00
536.73	193.00
537.08	195.00
537.42	198.00
537.77	202.00
538.11	198.00
538.45	202.00
538.80	197.00
539.14	206.00
539.49	201.00
539.83	320.00
540.18	196.00
540.52	198.00
540.86	196.00
541.21	195.00
541.55	197.00
541.90	191.00
542.24	192.00
542.58	189.00
542.93	195.00
543.27	196.00
543.62	202.00
543.96	196.00
544.30	201.00
544.65	201.00
544.99	197.00
545.33	199.00
545.68	200.00
546.02	200.00
546.37	198.00
546.71	198.00
547.05	194.00
547.40	197.00
547.74	198.00
548.08	199.00
548.43	193.00
548.77	191.00
549.11	199.00
549.45	201.00
549.80	200.00
550.14	197.00
550.48	198.00
550.83	199.00
551.17	196.00
551.51	202.00
551.85	199.00
552.20	203.00
552.54	196.00
552.88	198.00
553.22	196.00
553.57	205.00
553.91	196.00
554.25	198.00
554.59	200.00
554.94	199.00
555.28	202.00
555.62	199.00
555.96	195.00
556.31	197.00
556.65	199.00
556.99	198.00
557.33	196.00
557.67	201.00
558.02	197.00
558.36	199.00
558.70	200.00
559.04	200.00
559.38	201.00
559.72	201.00
560.07	204.00
560.41	206.00
560.75	199.00
561.09	199.00
561.43	201.00
561.77	197.00
562.11	204.00
562.46	200.00
562.80	203.00
563.14	199.00
563.48	202.00
563.82	198.00
564.16	203.00
564.50	202.00
564.84	206.00
565.18	202.00
565.53	203.00
565.87	204.00
566.21	203.00
566.55	200.00
566.89	205.00
567.23	204.00
567.57	202.00
567.91	200.00
568.25	198.00
568.59	202.00
568.93	208.00
569.27	205.00
569.61	206.00
569.95	203.00
570.29	203.00
570.63	209.00
570.97	200.00
571.31	205.00
571.65	208.00
571.99	204.00
572.33	203.00
572.67	204.00
573.01	212.00
573.35	202.00
573.69	202.00
574.03	207.00
574.37	203.00
574.71	206.00
575.05	208.00
575.39	204.00
575.73	203.00
576.07	207.00
576.41	205.00
576.75	205.00
577.09	204.00
577.43	203.00
577.77	205.00
578.11	203.00
578.45	204.00
578.78	208.00
579.12	208.00
579.46	207.00
579.80	205.00
580.14	200.00
580.48	203.00
580.82	207.00
581.16	205.00
581.50	206.00
581.83	203.00
582.17	208.00
582.51	209.00
582.85	203.00
583.19	204.00
583.53	207.00
583.86	205.00
584.20	208.00
584.54	204.00
584.88	202.00
585.22	209.00
585.56	209.00
585.89	204.00
586.23	205.00
586.57	212.00
586.91	211.00
587.25	207.00
587.58	212.00
587.92	213.00
588.26	213.00
588.60	207.00
588.93	205.00
589.27	217.00
589.61	213.00
589.95	212.00
590.28	210.00
590.62	213.00
590.96	210.00
591.30	207.00
591.63	220.00
591.97	217.00
592.31	216.00
592.65	216.00
592.98	214.00
593.32	217.00
593.66	217.00
593.99	212.00
594.33	214.00
594.67	219.00
595.00	224.00
595.34	214.00
595.68	224.00
596.01	216.00
596.35	230.00
596.69	217.00
597.02	229.00
597.36	218.00
597.70	229.00
598.03	224.00
598.37	228.00
598.71	228.00
599.04	230.00
599.38	231.00
599.71	230.00
600.05	232.00
600.39	237.00
600.72	236.00
601.06	228.00
601.40	235.00
601.73	237.00
602.07	246.00
602.40	243.00
602.74	242.00
603.07	246.00
603.41	247.00
603.75	251.00
604.08	251.00
604.42	250.00
604.75	256.00
605.09	257.00
605.42	257.00
605.76	256.00
606.09	259.00
606.43	262.00
606.76	271.00
607.10	268.00
607.43	271.00
607.77	279.00
608.10	285.00
608.44	285.00
608.77	288.00
609.11	286.00
609.44	287.00
609.78	298.00
610.11	293.00
610.45	297.00
610.78	307.00
611.12	313.00
611.45	313.00
611.78	318.00
612.12	326.00
612.45	325.00
612.79	326.00
613.12	346.00
613.46	338.00
613.79	344.00
614.12	349.00
614.46	361.00
614.79	365.00
615.13	380.00
615.46	377.00
615.79	383.00
616.13	392.00
616.46	405.00
616.80	410.00
617.13	408.00
617.46	419.00
617.80	428.00
618.13	436.00
618.46	447.00
618.80	465.00
619.13	471.00
619.46	481.00
619.80	503.00
620.13	505.00
620.46	510.00
620.80	525.00
621.13	529.00
621.46	549.00
621.80	553.00
622.13	574.00
622.46	592.00
622.79	586.00
623.13	619.00
623.46	624.00
623.79	629.00
624.12	652.00
624.46	668.00
624.79	677.00
625.12	692.00
625.45	698.00
625.79	731.00
626.12	745.00
626.45	758.00
626.78	777.00
627.12	802.00
627.45	815.00
627.78	821.00
628.11	846.00
628.44	865.00
628.78	901.00
629.11	873.00
629.44	904.00
629.77	936.00
630.10	972.00
630.44	950.00
630.77	976.00
631.10	976.00
631.43	982.00
631.76	1007.00
632.09	1001.00
632.43	1025.00
632.76	1019.00
633.09	1019.00
633.42	1022.00
633.75	1014.00
634.08	1025.00
634.41	1014.00
634.74	1022.00
635.07	990.00
635.41	976.00
635.74	957.00
636.07	969.00
636.40	926.00
636.73	926.00
637.06	879.00
637.39	855.00
637.72	831.00
638.05	806.00
638.38	776.00
638.71	748.00
639.04	712.00
639.37	686.00
639.70	647.00
640.03	633.00
640.36	606.00
640.69	585.00
641.02	567.00
641.36	550.00
641.69	530.00
642.02	504.00
642.35	488.00
642.67	475.00
643.00	452.00
643.33	439.00
643.66	415.00
643.99	400.00
644.32	393.00
644.65	382.00
644.98	373.00
645.31	359.00
645.64	344.00
645.97	351.00
646.30	338.00
646.63	327.00
646.96	322.00
647.29	319.00
647.62	299.00
647.95	293.00
648.28	292.00
648.60	288.00
648.93	278.00
649.26	268.00
649.59	258.00
649.92	256.00
650.25	255.00
650.58	244.00
650.91	245.00
651.24	243.00
651.56	245.00
651.89	239.00
652.22	234.00
652.55	231.00
652.88	223.00
653.21	226.00
653.53	222.00
653.86	215.00
654.19	221.00
654.52	214.00
654.85	217.00
655.17	218.00
655.50	207.00
655.83	209.00
656.16	206.00
656.49	207.00
656.81	204.00
657.14	202.00
657.47	199.00
657.80	202.00
658.12	198.00
658.45	201.00
658.78	206.00
659.11	195.00
659.43	198.00
659.76	196.00
660.09	192.00
660.42	197.00
660.74	193.00
661.07	188.00
661.40	193.00
661.72	193.00
662.05	189.00
662.38	191.00
662.71	188.00
663.03	187.00
663.36	189.00
663.69	185.00
664.01	184.00
664.34	189.00
664.67	191.00
664.99	189.00
665.32	191.00
665.65	188.00
665.97	181.00
666.30	187.00
666.62	182.00
666.95	187.00
667.28	185.00
667.60	188.00
667.93	190.00
668.25	184.00
668.58	182.00
668.91	184.00
669.23	184.00
669.56	186.00
669.88	180.00
670.21	179.00
670.54	178.00
670.86	181.00
671.19	180.00
671.51	181.00
671.84	184.00
672.16	183.00
672.49	181.00
672.81	181.00
673.14	181.00
673.46	177.00
673.79	180.00
674.11	184.00
674.44	176.00
674.76	182.00
675.09	175.00
675.41	180.00
675.74	177.00
676.06	180.00
676.39	181.00
676.71	182.00
677.04	177.00
677.36	171.00
677.69	172.00
678.01	176.00
678.34	181.00
678.66	179.00
678.99	177.00
679.31	175.00
679.63	175.00
679.96	181.00
680.28	180.00
680.61	174.00
680.93	182.00
681.25	180.00
681.58	181.00
681.90	177.00
682.23	179.00
682.55	176.00
682.87	178.00
683.20	177.00
683.52	176.00
683.84	183.00
684.17	177.00
684.49	179.00
684.82	176.00
685.14	177.00
685.46	177.00
685.79	178.00
686.11	176.00
686.43	177.00
686.75	175.00
687.08	176.00
687.40	181.00
687.72	185.00
688.05	172.00
688.37	176.00
688.69	177.00
689.02	181.00
689.34	175.00
689.66	181.00
689.98	179.00
690.31	180.00
690.63	176.00
690.95	174.00
691.27	174.00
691.60	171.00
691.92	176.00
692.24	170.00
692.56	174.00
692.88	176.00
693.21	179.00
693.53	175.00
693.85	170.00
694.17	180.00
694.49	177.00
694.82	179.00
695.14	178.00
695.46	179.00
695.78	175.00
696.10	173.00
696.42	175.00
696.75	176.00
697.07	177.00
697.39	172.00
697.71	179.00
698.03	175.00
698.35	171.00
698.67	177.00
699.00	173.00
699.32	173.00
699.64	171.00
699.96	181.00
700.28	170.00
700.60	180.00
700.92	175.00
701.24	176.00
701.56	174.00
701.88	177.00
702.20	174.00
702.53	177.00
702.85	169.00
703.17	176.00
703.49	176.00
703.81	181.00
704.13	175.00
704.45	176.00
704.77	173.00
705.09	175.00
705.41	175.00
705.73	172.00
706.05	177.00
706.37	177.00
706.69	178.00
707.01	171.00
707.33	165.00
707.65	176.00
707.97	175.00
708.29	171.00
708.61	173.00
708.93	169.00
709.25	172.00
709.57	178.00
709.89	174.00
710.20	171.00
710.52	171.00
710.84	181.00
711.16	174.00
711.48	171.00
711.80	172.00
712.12	176.00
712.44	177.00
712.76	179.00
713.08	172.00
713.40	176.00
713.71	174.00
714.03	170.00
714.35	173.00
714.67	176.00
714.99	171.00
715.31	170.00
715.63	176.00
715.94	172.00
716.26	170.00
716.58	176.00
716.90	174.00
717.22	175.00
717.54	177.00
717.85	175.00
718.17	176.00
718.49	174.00
718.81	172.00
719.13	173.00
719.44	178.00
719.76	174.00
720.08	172.00
720.40	178.00
720.71	179.00
721.03	174.00
721.35	176.00
721.67	180.00
721.99	171.00
722.30	170.00
722.62	174.00
722.94	170.00
723.25	172.00
723.57	175.00
723.89	177.00
724.21	179.00
724.52	175.00
724.84	171.00
725.16	172.00
725.47	170.00
725.79	174.00
726.11	176.00
726.42	170.00
726.74	172.00
727.06	165.00
727.37	170.00
727.69	174.00
728.01	169.00
728.32	171.00
728.64	175.00
728.96	170.00
729.27	174.00
729.59	171.00
729.90	176.00
730.22	172.00
730.54	169.00
730.85	170.00
731.17	166.00
731.48	174.00
731.80	170.00
732.12	175.00
732.43	172.00
732.75	177.00
733.06	176.00
733.38	174.00
733.69	175.00
734.01	174.00
734.32	177.00
734.64	175.00
734.95	175.00
735.27	170.00
735.59	168.00
735.90	171.00
736.22	170.00
736.53	168.00
736.85	174.00
737.16	170.00
737.48	177.00
737.79	174.00
738.10	171.00
738.42	176.00
738.73	177.00
739.05	175.00
739.36	190.00
739.68	173.00
739.99	171.00
740.31	170.00
740.62	173.00
740.93	168.00
741.25	165.00
741.56	172.00
741.88	174.00
742.19	172.00
742.51	173.00
742.82	175.00
743.13	171.00
743.45	174.00
743.76	169.00
744.07	171.00
744.39	167.00
744.70	167.00
745.02	172.00
745.33	173.00
745.64	170.00
745.96	169.00
746.27	172.00
746.58	170.00
746.90	173.00
747.21	173.00
747.52	171.00
747.84	172.00
748.15	171.00
748.46	171.00
748.77	172.00
749.09	172.00
749.40	167.00
749.71	174.00
750.03	172.00
750.34	173.00
750.65	172.00
750.96	166.00
751.28	173.00
751.59	173.00
751.90	174.00
752.21	172.00
752.53	171.00
752.84	172.00
753.15	173.00
753.46	170.00
753.77	180.00
754.09	178.00
754.40	176.00
754.71	172.00
755.02	175.00
755.33	170.00
755.65	175.00
755.96	173.00
756.27	173.00
756.58	174.00
756.89	170.00
757.20	169.00
757.51	174.00
757.83	171.00
758.14	175.00
758.45	170.00
758.76	174.00
759.07	174.00
759.38	173.00
759.69	174.00
760.00	170.00
760.31	173.00
760.63	171.00
760.94	171.00
761.25	177.00
761.56	173.00
761.87	173.00
762.18	174.00
762.49	178.00
762.80	175.00
763.11	170.00
763.42	165.00
763.73	167.00
764.04	172.00
764.35	168.00
764.66	176.00
764.97	175.00
765.28	170.00
765.59	170.00
765.90	172.00
766.21	172.00
766.52	171.00
766.83	174.00
767.14	175.00
767.45	173.00
767.76	170.00
768.07	174.00
768.38	176.00
768.69	176.00
769.00	173.00
769.31	172.00
769.62	169.00
769.93	172.00
770.24	176.00
770.55	183.00
770.85	172.00
771.16	174.00
771.47	174.00
771.78	171.00
772.09	173.00
772.40	168.00
772.71	172.00
773.02	170.00
773.33	174.00
773.63	167.00
773.94	166.00
774.25	171.00
774.56	168.00
774.87	174.00
775.18	176.00
775.48	164.00
775.79	170.00
776.10	173.00
776.41	171.00
776.72	172.00
777.02	171.00
777.33	178.00
777.64	173.00
777.95	174.00
778.26	175.00
778.56	177.00
778.87	174.00
779.18	166.00
779.49	169.00
779.79	171.00
780.10	174.00
780.41	174.00
780.72	173.00
781.02	180.00
781.33	174.00
781.64	177.00
781.95	176.00
782.25	168.00
782.56	170.00
782.87	171.00
783.17	174.00
783.48	169.00
783.79	177.00
784.09	173.00
784.40	174.00
784.71	167.00
785.01	178.00
785.32	171.00
785.63	168.00
785.93	173.00
786.24	170.00
786.55	170.00
786.85	173.00
787.16	175.00
787.46	173.00
787.77	171.00
788.08	173.00
788.38	174.00
788.69	174.00
788.99	174.00
789.30	171.00
789.61	173.00
789.91	176.00
790.22	174.00
790.52	169.00
790.83	170.00
791.13	165.00
791.44	176.00
791.74	167.00
792.05	170.00
792.35	172.00
792.66	174.00
792.96	175.00
793.27	171.00
793.57	175.00
793.88	180.00
794.18	170.00
794.49	174.00
794.79	174.00
795.10	176.00
795.40	175.00
795.71	172.00
796.01	174.00
796.32	168.00
796.62	169.00
796.93	175.00
797.23	173.00
797.53	177.00
797.84	170.00
798.14	175.00
798.45	174.00
798.75	174.00
799.06	174.00
799.36	173.00
799.66	172.00
799.97	172.00
800.27	170.00
800.57	164.00
800.88	172.00
801.18	175.00
801.49	173.00
801.79	175.00
802.09	173.00
802.40	172.00
802.70	172.00
803.00	172.00
803.31	173.00
803.61	172.00
803.91	170.00
804.22	170.00
804.52	171.00
804.82	167.00
805.12	170.00
805.43	174.00
805.73	171.00
806.03	176.00
806.34	172.00
806.64	172.00
806.94	175.00
807.24	170.00
807.55	174.00
807.85	173.00
808.15	175.00
808.45	176.00
808.75	169.00
809.06	170.00
809.36	170.00
809.66	173.00
809.96	170.00
810.26	169.00
810.57	170.00
810.87	167.00
811.17	171.00
811.47	178.00
811.77	172.00
812.08	168.00
812.38	166.00
812.68	168.00
812.98	166.00
813.28	168.00
813.58	164.00
813.88	172.00
814.18	174.00
814.49	166.00
814.79	173.00
815.09	174.00
815.39	173.00
815.69	179.00
815.99	171.00
816.29	177.00
816.59	169.00
816.89	173.00
817.19	173.00
817.49	172.00
817.79	175.00
818.10	174.00
818.40	180.00
818.70	171.00
819.00	173.00
819.30	178.00
819.60	173.00
819.90	171.00
820.20	172.00
820.50	171.00
820.80	173.00
821.10	175.00
821.40	172.00
821.70	174.00
822.00	170.00
822.30	172.00
822.60	174.00
822.90	172.00
823.19	174.00
823.49	177.00
823.79	173.00
824.09	173.00
824.39	174.00
824.69	173.00
824.99	177.00
825.29	170.00
825.59	179.00
825.89	169.00
826.19	174.00
826.49	172.00
826.78	171.00
827.08	174.00
827.38	174.00
827.68	175.00
827.98	182.00
828.28	170.00
828.58	173.00
828.87	173.00
829.17	168.00
829.47	173.00
829.77	167.00
830.07	180.00
830.37	174.00
830.66	169.00
830.96	174.00
831.26	172.00
831.56	176.00
831.86	176.00
832.15	177.00
832.45	172.00
832.75	175.00
833.05	175.00
833.34	170.00
833.64	174.00
833.94	175.00
834.24	173.00
834.53	175.00
834.83	175.00
835.13	175.00
835.43	172.00
835.72	171.00
836.02	169.00
836.32	176.00
836.61	175.00
836.91	171.00
837.21	168.00
837.50	173.00
837.80	174.00
838.10	171.00
838.39	169.00
838.69	178.00
838.99	170.00
839.28	174.00
839.58	168.00
839.88	173.00
840.17	178.00
840.47	174.00
840.76	172.00
841.06	172.00
841.36	174.00
841.65	174.00
841.95	174.00
842.24	173.00
842.54	184.00
842.84	174.00
843.13	172.00
843.43	174.00
843.72	173.00
844.02	179.00
844.31	172.00
844.61	174.00
844.90	171.00
845.20	168.00
845.50	167.00
845.79	173.00
846.09	169.00
846.38	172.00
846.68	174.00
846.97	166.00
847.27	178.00
847.56	177.00
847.85	170.00
848.15	171.00
848.44	169.00
848.74	167.00
849.03	171.00
849.33	174.00
849.62	168.00
849.92	170.00
850.21	173.00
850.50	173.00
850.80	178.00
851.09	177.00
851.39	174.00
851.68	171.00
851.97	175.00
852.27	172.00
852.56	175.00
852.86	170.00
853.15	172.00
853.44	171.00
853.74	167.00
854.03	174.00
854.32	174.00
854.62	178.00
854.91	173.00
855.20	174.00
855.50	171.00
855.79	173.00
856.08	170.00
856.38	166.00
856.67	176.00
856.96	174.00
857.26	178.00
857.55	169.00
857.84	172.00
858.13	172.00
858.43	169.00
858.72	169.00
859.01	172.00
859.30	170.00
859.60	171.00
859.89	171.00
860.18	168.00
860.47	171.00
860.77	172.00
861.06	167.00
861.35	171.00
861.64	176.00
861.93	169.00
862.23	174.00
862.52	179.00
862.81	173.00
863.10	173.00
863.39	172.00
863.68	172.00
863.98	177.00
864.27	172.00
864.56	169.00
864.85	172.00
865.14	171.00
865.43	180.00
865.72	175.00
866.02	175.00
866.31	172.00
866.60	168.00
866.89	171.00
867.18	173.00
867.47	175.00
867.76	173.00
868.05	168.00
868.34	173.00
868.63	169.00
868.92	170.00
869.21	174.00
869.50	167.00
869.79	172.00
870.08	176.00
870.38	174.00
870.67	171.00
870.96	177.00
871.25	173.00
871.54	173.00
871.83	172.00
872.12	169.00
872.41	174.00
872.69	172.00
872.98	175.00
873.27	172.00
873.56	171.00
873.85	171.00
874.14	174.00
874.43	170.00
874.72	171.00
875.01	173.00
